Archivo de Data. Tue Oct 20 16:19:55 VET 2015
0.0 0.0 0.0 0.0 0 0 0 0.0 0.0 0.0 0.0 
-1750.0 0.0 -14000.0 -15750.0 9 -15750 15750 0.0 0.0 0.0 0.0 
-250.0 0.0 12000.0 11750.0 85 11750 -11750 0.0 0.0 0.0 0.0 
-159.0 0.0 728.0 569.0 83 569 -569 0.0 0.0 0.0 0.0 
-250.0 0.0 -728.0 -978.0 76 -978 978 -80.72 -80.72 -0.89 -0.89 
-750.0 0.0 -4000.0 -4750.0 83 -4750 4750 -80.72 -80.72 -0.89 -0.89 
-750.0 0.0 0.0 -750.0 87 -750 750 -96.77 -16.05 -3.29 -2.4 
-250.0 0.0 4000.0 3750.0 80 3750 -3750 -96.77 -16.05 -3.29 -2.4 
250.0 0.0 4000.0 4250.0 86 4250 -4250 -106.86 -10.09 -7.52 -4.23 
552.5 0.0 2420.0 2972.5 85 2972 -2972 -106.86 -10.09 -7.52 -4.23 
250.0 0.0 -2420.0 -2170.0 85 -2170 2170 -111.4 -4.54 -18.97 -11.45 
-250.0 0.0 -4000.0 -4250.0 89 -4250 4250 -111.4 -4.54 -18.97 -11.45 
-250.0 0.0 0.0 -250.0 89 -250 250 -116.7 -5.3 -19.55 -0.58 
250.0 0.0 4000.0 4250.0 81 4250 -4250 -116.7 -5.3 -19.55 -0.58 
750.0 0.0 4000.0 4750.0 86 4750 -4750 -133.91 -17.21 -19.7 -0.15 
750.0 0.0 0.0 750.0 85 750 -750 -133.91 -17.21 -19.7 -0.15 
750.0 0.0 0.0 750.0 81 750 -750 -143.23 -9.32 -17.75 1.95 
250.0 0.0 -4000.0 -3750.0 77 -3750 3750 -143.23 -9.32 -17.75 1.95 
-250.0 0.0 -4000.0 -4250.0 87 -4250 4250 -163.29 -20.07 -18.88 -1.13 
-750.0 0.0 -4000.0 -4750.0 90 -4750 4750 -163.29 -20.07 -18.88 -1.13 
-250.0 0.0 4000.0 3750.0 89 3750 -3750 -162.91 0.38 -16.56 2.32 
750.0 0.0 8000.0 8750.0 84 8750 -8750 -162.91 0.38 -16.56 2.32 
750.0 0.0 0.0 750.0 84 750 -750 -184.53 -21.61 -19.66 -3.11 
750.0 0.0 0.0 750.0 79 750 -750 -184.53 -21.61 -19.66 -3.11 
250.0 0.0 -4000.0 -3750.0 80 -3750 3750 -206.12 -21.59 -27.29 -7.63 
-520.0 0.0 -6160.0 -6680.0 88 -6680 6680 -206.12 -21.59 -27.29 -7.63 
-750.0 0.0 -1840.0 -2590.0 90 -2590 2590 -211.2 -5.08 -26.17 1.12 
-250.0 0.0 4000.0 3750.0 88 3750 -3750 -211.2 -5.08 -26.17 1.12 
485.0 0.0 5880.0 6365.0 85 6365 -6365 -213.45 -2.25 -24.7 1.47 
750.0 0.0 2120.0 2870.0 83 2870 -2870 -213.45 -2.25 -24.7 1.47 
384.0 0.0 -2928.0 -2544.0 85 -2544 2544 -236.12 -22.67 -27.72 -3.03 
-250.0 0.0 -5072.0 -5322.0 89 -5322 5322 -236.12 -22.67 -27.72 -3.03 
-250.0 0.0 0.0 -250.0 89 -250 250 -238.51 -2.38 -27.67 0.05 
250.0 0.0 4000.0 4250.0 81 4250 -4250 -238.51 -2.38 -27.67 0.05 
750.0 0.0 4000.0 4750.0 83 4750 -4750 -261.05 -22.54 -28.63 -0.96 
750.0 0.0 0.0 750.0 86 750 -750 -261.05 -22.54 -28.63 -0.96 
750.0 0.0 0.0 750.0 80 750 -750 -274.05 -13.0 -29.73 -1.1 
574.0 0.0 -1408.0 -834.0 80 -834 834 -274.05 -13.0 -29.73 -1.1 
-250.0 0.0 -6592.0 -6842.0 86 -6842 6842 -297.97 -23.92 -27.8 1.93 
-507.0 0.0 -2056.0 -2563.0 88 -2563 2563 -297.97 -23.92 -27.8 1.93 
-82.5 0.0 3396.0 3313.5 89 3313 -3313 -289.34 8.64 -25.26 2.54 
750.0 0.0 6660.0 7410.0 83 7410 -7410 -289.34 8.64 -25.26 2.54 
750.0 0.0 0.0 750.0 83 750 -750 -308.83 -19.49 -29.21 -3.94 
750.0 0.0 0.0 750.0 80 750 -750 -308.83 -19.49 -29.21 -3.94 
452.5 0.0 -2380.0 -1927.5 81 -1927 1927 -335.19 -26.36 -36.6 -7.39 
-180.0 0.0 -5060.0 -5240.0 88 -5240 5240 -335.19 -26.36 -36.6 -7.39 
-750.0 0.0 -4560.0 -5310.0 89 -5310 5310 -334.13 1.06 -43.35 -6.75 
-250.0 0.0 4000.0 3750.0 87 3750 -3750 -334.13 1.06 -43.35 -6.75 
250.0 0.0 4000.0 4250.0 86 4250 -4250 -335.41 -1.28 -42.22 1.13 
250.0 0.0 0.0 250.0 84 250 -250 -335.41 -1.28 -42.22 1.13 
-250.0 0.0 -4000.0 -4250.0 78 -4250 4250 -356.17 -20.77 -51.1 -8.88 
-1002.5 0.0 -6020.0 -7022.5 90 -7022 7022 -356.17 -20.77 -51.1 -8.88 
-1250.0 0.0 -1980.0 -3230.0 90 -3230 3230 -368.83 -12.65 -58.25 -7.15 
-1000.0 0.0 2000.0 1000.0 90 1000 -1000 -368.83 -12.65 -58.25 -7.15 
-517.5 0.0 3860.0 3342.5 89 3342 -3342 -356.16 12.67 -56.4 1.85 
-880.5 0.0 -2904.0 -3784.5 85 -3784 3784 -356.16 12.67 -56.4 1.85 
-1750.0 0.0 -6956.0 -8706.0 84 -8706 8706 -377.46 -21.3 -68.57 -12.17 
-1750.0 0.0 0.0 -1750.0 89 -1750 1750 -377.46 -21.3 -68.57 -12.17 
-1750.0 0.0 0.0 -1750.0 85 -1750 1750 -395.37 -17.91 -69.58 -1.0 
-1750.0 0.0 0.0 -1750.0 82 -1750 1750 -395.37 -17.91 -69.58 -1.0 
-1581.0 0.0 1352.0 -229.0 85 -229 229 -431.52 -36.14 -76.46 -6.89 
-750.0 0.0 6648.0 5898.0 86 5898 -5898 -431.52 -36.14 -76.46 -6.89 
250.0 0.0 8000.0 8250.0 89 8250 -8250 -446.82 -15.31 -76.82 -0.35 
716.5 0.0 3732.0 4448.5 86 4448 -4448 -446.82 -15.31 -76.82 -0.35 
250.0 0.0 -3732.0 -3482.0 87 -3482 3482 -452.76 -5.94 -85.53 -8.71 
-750.0 0.0 -8000.0 -8750.0 87 -8750 8750 -452.76 -5.94 -85.53 -8.71 
-1006.0 0.0 -2048.0 -3054.0 88 -3054 3054 -469.5 -16.74 -93.84 -8.31 
-640.0 0.0 2928.0 2288.0 90 2288 -2288 -469.5 -16.74 -93.84 -8.31 
250.0 0.0 7120.0 7370.0 88 7370 -7370 -478.35 -8.85 -93.49 0.34 
613.5 0.0 2908.0 3521.5 84 3521 -3521 -478.35 -8.85 -93.49 0.34 
250.0 0.0 -2908.0 -2658.0 85 -2658 2658 -506.6 -28.25 -97.97 -4.48 
-534.0 0.0 -6272.0 -6806.0 88 -6806 6806 -506.6 -28.25 -97.97 -4.48 
-750.0 0.0 -1728.0 -2478.0 89 -2478 2478 -514.86 -8.26 -97.71 0.26 
-250.0 0.0 4000.0 3750.0 87 3750 -3750 -514.86 -8.26 -97.71 0.26 
250.0 0.0 4000.0 4250.0 86 4250 -4250 -520.36 -5.5 -98.12 -0.42 
512.5 0.0 2100.0 2612.5 85 2612 -2612 -520.36 -5.5 -98.12 -0.42 
162.0 0.0 -2804.0 -2642.0 85 -2642 2642 -544.76 -24.4 -102.52 -4.4 
-528.5 0.0 -5524.0 -6052.5 89 -6052 6052 -544.76 -24.4 -102.52 -4.4 
-750.0 0.0 -1772.0 -2522.0 91 -2522 2522 -544.69 0.07 -100.46 2.07 
-250.0 0.0 4000.0 3750.0 87 3750 -3750 -544.69 0.07 -100.46 2.07 
750.0 0.0 8000.0 8750.0 86 8750 -8750 -549.5 -4.81 -98.2 2.26 
750.0 0.0 0.0 750.0 83 750 -750 -549.5 -4.81 -98.2 2.26 
750.0 0.0 0.0 750.0 79 750 -750 -590.22 -40.72 -103.74 -5.54 
250.0 0.0 -4000.0 -3750.0 81 -3750 3750 -590.22 -40.72 -103.74 -5.54 
-750.0 0.0 -8000.0 -8750.0 90 -8750 8750 -631.6 -41.38 -109.25 -5.51 
-820.5 0.0 -564.0 -1384.5 90 -1384 1384 -631.6 -41.38 -109.25 -5.51 
-355.5 0.0 3720.0 3364.5 89 3364 -3364 -575.96 55.64 -98.27 10.98 
250.0 0.0 4844.0 5094.0 86 5094 -5094 -575.96 55.64 -98.27 10.98 
557.5 0.0 2460.0 3017.5 86 3017 -3017 -604.08 -28.12 -101.08 -2.81 
324.5 0.0 -1864.0 -1539.5 87 -1539 1539 -604.08 -28.12 -101.08 -2.81 
66.5 0.0 -2064.0 -1997.5 90 -1997 1997 -617.71 -13.64 -102.55 -1.47 
309.5 0.0 1944.0 2253.5 89 2253 -2253 -617.71 -13.64 -102.55 -1.47 
750.0 0.0 3524.0 4274.0 87 4274 -4274 -608.41 9.3 -99.11 3.44 
750.0 0.0 0.0 750.0 83 750 -750 -608.41 9.3 -99.11 3.44 
750.0 0.0 0.0 750.0 76 750 -750 -644.62 -36.21 -104.36 -5.25 
750.0 0.0 0.0 750.0 81 750 -750 -644.62 -36.21 -104.36 -5.25 
750.0 0.0 0.0 750.0 82 750 -750 -701.67 -57.04 -113.0 -8.64 
750.0 0.0 0.0 750.0 81 750 -750 -701.67 -57.04 -113.0 -8.64 
750.0 0.0 0.0 750.0 81 750 -750 -680.33 21.33 -108.52 4.48 
512.0 0.0 -1904.0 -1392.0 79 -1392 1392 -680.33 21.33 -108.52 4.48 
224.0 0.0 -2304.0 -2080.0 88 -2080 2080 -698.65 -18.32 -110.88 -2.36 
250.0 0.0 208.0 458.0 89 458 -458 -698.65 -18.32 -110.88 -2.36 
750.0 0.0 4000.0 4750.0 84 4750 -4750 -645.74 52.91 -99.94 10.95 
750.0 0.0 0.0 750.0 84 750 -750 -645.74 52.91 -99.94 10.95 
750.0 0.0 0.0 750.0 80 750 -750 -691.24 -45.5 -105.29 -5.35 
199.5 0.0 -4404.0 -4204.5 81 -4204 4204 -691.24 -45.5 -105.29 -5.35 
-750.0 0.0 -7596.0 -8346.0 90 -8346 8346 -728.77 -37.53 -109.87 -4.58 
-1250.0 0.0 -4000.0 -5250.0 90 -5250 5250 -728.77 -37.53 -109.87 -4.58 
-750.0 0.0 4000.0 3250.0 91 3250 -3250 -665.51 63.26 -98.56 11.31 
-153.0 0.0 4776.0 4623.0 86 4623 -4623 -665.51 63.26 -98.56 11.31 
250.0 0.0 3224.0 3474.0 87 3474 -3474 -689.79 -24.29 -99.94 -1.37 
486.0 0.0 1888.0 2374.0 86 2374 -2374 -689.79 -24.29 -99.94 -1.37 
250.0 0.0 -1888.0 -1638.0 87 -1638 1638 -713.0 -23.21 -102.25 -2.31 
-9.5 0.0 -2076.0 -2085.5 89 -2085 2085 -713.0 -23.21 -102.25 -2.31 
250.0 0.0 2076.0 2326.0 88 2326 -2326 -707.09 5.91 -100.8 1.45 
750.0 0.0 4000.0 4750.0 84 4750 -4750 -707.09 5.91 -100.8 1.45 
750.0 0.0 0.0 750.0 85 750 -750 -730.84 -23.75 -102.84 -2.04 
750.0 0.0 0.0 750.0 80 750 -750 -730.84 -23.75 -102.84 -2.04 
750.0 0.0 0.0 750.0 82 750 -750 -763.43 -32.59 -107.52 -4.68 
750.0 0.0 0.0 750.0 81 750 -750 -763.43 -32.59 -107.52 -4.68 
750.0 0.0 0.0 750.0 81 750 -750 -775.05 -11.61 -108.52 -1.0 
502.5 0.0 -1980.0 -1477.5 82 -1477 1477 -775.05 -11.61 -108.52 -1.0 
250.0 0.0 -2020.0 -1770.0 89 -1770 1770 -777.94 -2.89 -108.84 -0.32 
529.0 0.0 2232.0 2761.0 88 2761 -2761 -777.94 -2.89 -108.84 -0.32 
750.0 0.0 1768.0 2518.0 87 2518 -2518 -729.41 48.52 -100.23 8.61 
750.0 0.0 0.0 750.0 85 750 -750 -729.41 48.52 -100.23 8.61 
750.0 0.0 0.0 750.0 79 750 -750 -758.83 -29.42 -102.84 -2.61 
750.0 0.0 0.0 750.0 81 750 -750 -758.83 -29.42 -102.84 -2.61 
750.0 0.0 0.0 750.0 82 750 -750 -818.69 -59.86 -110.55 -7.71 
750.0 0.0 0.0 750.0 79 750 -750 -818.69 -59.86 -110.55 -7.71 
750.0 0.0 0.0 750.0 82 750 -750 -816.2 2.48 -109.87 0.69 
750.0 0.0 0.0 750.0 78 750 -750 -816.2 2.48 -109.87 0.69 
750.0 0.0 0.0 750.0 78 750 -750 -822.94 -6.74 -110.88 -1.01 
750.0 0.0 0.0 750.0 80 750 -750 -822.94 -6.74 -110.88 -1.01 
750.0 0.0 0.0 750.0 81 750 -750 -833.69 -10.75 -112.28 -1.4 
750.0 0.0 0.0 750.0 81 750 -750 -833.69 -10.75 -112.28 -1.4 
750.0 0.0 0.0 750.0 81 750 -750 -813.1 20.58 -109.51 2.77 
750.0 0.0 0.0 750.0 78 750 -750 -813.1 20.58 -109.51 2.77 
750.0 0.0 0.0 750.0 80 750 -750 -828.78 -15.67 -111.25 -1.74 
750.0 0.0 0.0 750.0 80 750 -750 -828.78 -15.67 -111.25 -1.74 
750.0 0.0 0.0 750.0 82 750 -750 -823.6 5.18 -110.88 0.37 
750.0 0.0 0.0 750.0 78 750 -750 -823.6 5.18 -110.88 0.37 
750.0 0.0 0.0 750.0 78 750 -750 -823.6 0.0 -110.88 0.0 
750.0 0.0 0.0 750.0 78 750 -750 -823.6 0.0 -110.88 0.0 
750.0 0.0 0.0 750.0 78 750 -750 -844.71 -21.12 -113.72 -2.84 
750.0 0.0 0.0 750.0 81 750 -750 -844.71 -21.12 -113.72 -2.84 
750.0 0.0 0.0 750.0 81 750 -750 -828.78 15.94 -111.25 2.47 
750.0 0.0 0.0 750.0 79 750 -750 -828.78 15.94 -111.25 2.47 
750.0 0.0 0.0 750.0 79 750 -750 -823.6 5.18 -110.55 0.7 
750.0 0.0 0.0 750.0 78 750 -750 -823.6 5.18 -110.55 0.7 
750.0 0.0 0.0 750.0 79 750 -750 -839.33 -15.74 -112.67 -2.11 
750.0 0.0 0.0 750.0 80 750 -750 -839.33 -15.74 -112.67 -2.11 
750.0 0.0 0.0 750.0 81 750 -750 -829.1 10.23 -111.25 1.42 
750.0 0.0 0.0 750.0 79 750 -750 -829.1 10.23 -111.25 1.42 
750.0 0.0 0.0 750.0 80 750 -750 -823.92 5.18 -110.88 0.37 
750.0 0.0 0.0 750.0 77 750 -750 -823.92 5.18 -110.88 0.37 
750.0 0.0 0.0 750.0 79 750 -750 -839.67 -15.74 -112.67 -1.79 
750.0 0.0 0.0 750.0 81 750 -750 -839.67 -15.74 -112.67 -1.79 
750.0 0.0 0.0 750.0 81 750 -750 -823.92 15.74 -110.88 1.79 
750.0 0.0 0.0 750.0 78 750 -750 -823.92 15.74 -110.88 1.79 
750.0 0.0 0.0 750.0 80 750 -750 -829.1 -5.18 -111.58 -0.7 
750.0 0.0 0.0 750.0 80 750 -750 -829.1 -5.18 -111.58 -0.7 
511.0 0.0 -1912.0 -1401.0 80 -1401 1401 -824.9 4.2 -110.55 1.02 
4.0 0.0 -4056.0 -4052.0 86 -4052 4052 -824.9 4.2 -110.55 1.02 
-70.0 0.0 -592.0 -662.0 85 -662 662 -802.02 22.88 -106.87 3.68 
250.0 0.0 2560.0 2810.0 83 2810 -2810 -802.02 22.88 -106.87 3.68 
750.0 0.0 4000.0 4750.0 85 4750 -4750 -804.31 -2.29 -105.29 1.58 
750.0 0.0 0.0 750.0 85 750 -750 -804.31 -2.29 -105.29 1.58 
750.0 0.0 0.0 750.0 80 750 -750 -797.93 6.38 -104.36 0.93 
451.5 0.0 -2388.0 -1936.5 78 -1936 1936 -797.93 6.38 -104.36 0.93 
7.0 0.0 -3556.0 -3549.0 86 -3549 3549 -861.51 -63.58 -111.95 -7.59 
-11.5 0.0 -148.0 -159.5 87 -159 159 -861.51 -63.58 -111.95 -7.59 
718.5 0.0 5840.0 6558.5 86 6558 -6558 -799.52 61.99 -102.55 9.4 
750.0 0.0 252.0 1002.0 85 1002 -1002 -799.52 61.99 -102.55 9.4 
750.0 0.0 0.0 750.0 84 750 -750 -825.7 -26.18 -103.75 -1.2 
750.0 0.0 0.0 750.0 81 750 -750 -825.7 -26.18 -103.75 -1.2 
750.0 0.0 0.0 750.0 81 750 -750 -865.56 -39.86 -107.2 -3.46 
750.0 0.0 0.0 750.0 81 750 -750 -865.56 -39.86 -107.2 -3.46 
250.0 0.0 -4000.0 -3750.0 81 -3750 3750 -890.64 -25.07 -109.51 -2.31 
-750.0 0.0 -8000.0 -8750.0 89 -8750 8750 -890.64 -25.07 -109.51 -2.31 
-1250.0 0.0 -4000.0 -5250.0 91 -5250 5250 -862.58 28.06 -104.05 5.46 
-750.0 0.0 4000.0 3250.0 90 3250 -3250 -862.58 28.06 -104.05 5.46 
133.5 0.0 7068.0 7201.5 87 7201 -7201 -830.97 31.6 -97.73 6.32 
519.0 0.0 3084.0 3603.0 84 3603 -3603 -830.97 31.6 -97.73 6.32 
250.0 0.0 -2152.0 -1902.0 84 -1902 1902 -893.34 -62.37 -103.75 -6.02 
-250.0 0.0 -4000.0 -4250.0 89 -4250 4250 -893.34 -62.37 -103.75 -6.02 
-471.0 0.0 -1768.0 -2239.0 91 -2239 2239 -895.72 -2.38 -102.25 1.5 
250.0 0.0 5768.0 6018.0 88 6018 -6018 -895.72 -2.38 -102.25 1.5 
750.0 0.0 4000.0 4750.0 86 4750 -4750 -885.57 10.14 -98.82 3.43 
750.0 0.0 0.0 750.0 83 750 -750 -885.57 10.14 -98.82 3.43 
750.0 0.0 0.0 750.0 79 750 -750 -949.43 -63.86 -104.67 -5.85 
750.0 0.0 0.0 750.0 81 750 -750 -949.43 -63.86 -104.67 -5.85 
750.0 0.0 0.0 750.0 80 750 -750 -1010.36 -60.93 -110.55 -5.89 
250.0 0.0 -4000.0 -3750.0 82 -3750 3750 -1010.36 -60.93 -110.55 -5.89 
-250.0 0.0 -4000.0 -4250.0 91 -4250 4250 -1004.99 5.37 -109.19 1.36 
12.0 0.0 2096.0 2108.0 89 2108 -2108 -1004.99 5.37 -109.19 1.36 
750.0 0.0 5904.0 6654.0 85 6654 -6654 -921.36 83.64 -98.56 10.63 
750.0 0.0 0.0 750.0 84 750 -750 -921.36 83.64 -98.56 10.63 
750.0 0.0 0.0 750.0 79 750 -750 -994.33 -72.98 -104.67 -6.11 
750.0 0.0 0.0 750.0 81 750 -750 -994.33 -72.98 -104.67 -6.11 
750.0 0.0 0.0 750.0 81 750 -750 -1058.77 -64.44 -110.55 -5.89 
750.0 0.0 0.0 750.0 82 750 -750 -1058.77 -64.44 -110.55 -5.89 
750.0 0.0 0.0 750.0 83 750 -750 -1046.99 11.78 -108.84 1.71 
750.0 0.0 0.0 750.0 80 750 -750 -1046.99 11.78 -108.84 1.71 
750.0 0.0 0.0 750.0 80 750 -750 -1052.77 -5.78 -108.52 0.32 
750.0 0.0 0.0 750.0 80 750 -750 -1052.77 -5.78 -108.52 0.32 
750.0 0.0 0.0 750.0 81 750 -750 -1078.39 -25.63 -110.55 -2.03 
750.0 0.0 0.0 750.0 81 750 -750 -1078.39 -25.63 -110.55 -2.03 
750.0 0.0 0.0 750.0 82 750 -750 -1071.54 6.85 -109.19 1.36 
750.0 0.0 0.0 750.0 79 750 -750 -1071.54 6.85 -109.19 1.36 
750.0 0.0 0.0 750.0 80 750 -750 -1085.67 -14.13 -109.87 -0.68 
750.0 0.0 0.0 750.0 81 750 -750 -1085.67 -14.13 -109.87 -0.68 
750.0 0.0 0.0 750.0 83 750 -750 -1092.17 -6.5 -109.87 0.0 
750.0 0.0 0.0 750.0 80 750 -750 -1092.17 -6.5 -109.87 0.0 
750.0 0.0 0.0 750.0 80 750 -750 -1083.91 8.26 -108.52 1.35 
750.0 0.0 0.0 750.0 79 750 -750 -1083.91 8.26 -108.52 1.35 
750.0 0.0 0.0 750.0 79 750 -750 -1115.46 -31.55 -111.58 -3.06 
750.0 0.0 0.0 750.0 82 750 -750 -1115.46 -31.55 -111.58 -3.06 
750.0 0.0 0.0 750.0 82 750 -750 -1105.5 9.96 -110.19 1.39 
750.0 0.0 0.0 750.0 79 750 -750 -1105.5 9.96 -110.19 1.39 
750.0 0.0 0.0 750.0 80 750 -750 -1109.4 -3.9 -109.87 0.33 
750.0 0.0 0.0 750.0 79 750 -750 -1109.4 -3.9 -109.87 0.33 
750.0 0.0 0.0 750.0 81 750 -750 -1128.62 -19.22 -111.25 -1.38 
750.0 0.0 0.0 750.0 82 750 -750 -1128.62 -19.22 -111.25 -1.38 
750.0 0.0 0.0 750.0 82 750 -750 -1107.03 21.6 -108.84 2.41 
750.0 0.0 0.0 750.0 79 750 -750 -1107.03 21.6 -108.84 2.41 
750.0 0.0 0.0 750.0 81 750 -750 -1126.95 -19.93 -109.87 -1.03 
27.0 0.0 -5784.0 -5757.0 82 -5757 5757 -1126.95 -19.93 -109.87 -1.03 
-538.0 0.0 -4520.0 -5058.0 90 -5058 5058 -1118.58 8.37 -108.84 1.03 
-750.0 0.0 -1696.0 -2446.0 88 -2446 2446 -1118.58 8.37 -108.84 1.03 
-250.0 0.0 4000.0 3750.0 88 3750 -3750 -1036.96 81.62 -99.67 9.17 
541.5 0.0 6332.0 6873.5 86 6873 -6873 -1036.96 81.62 -99.67 9.17 
750.0 0.0 1668.0 2418.0 87 2418 -2418 -1075.84 -38.88 -101.66 -1.99 
750.0 0.0 0.0 750.0 88 750 -750 -1075.84 -38.88 -101.66 -1.99 
11.5 0.0 -5908.0 -5896.5 81 -5896 5896 -1078.96 -3.12 -101.08 0.58 
-750.0 0.0 -6092.0 -6842.0 88 -6842 6842 -1078.96 -3.12 -101.08 0.58 
-1250.0 0.0 -4000.0 -5250.0 90 -5250 5250 -1129.35 -50.38 -104.67 -3.59 
-980.0 0.0 2160.0 1180.0 92 1180 -1180 -1129.35 -50.38 -104.67 -3.59 
-250.0 0.0 5840.0 5590.0 90 5590 -5590 -1067.37 61.98 -97.19 7.48 
40.0 0.0 2320.0 2360.0 86 2360 -2360 -1067.37 61.98 -97.19 7.48 
-250.0 0.0 -2320.0 -2570.0 84 -2570 2570 -1114.16 -46.79 -100.5 -3.31 
-994.0 0.0 -5952.0 -6946.0 91 -6946 6946 -1114.16 -46.79 -100.5 -3.31 
-1500.0 0.0 -4048.0 -5548.0 91 -5548 5548 -1131.6 -17.43 -101.38 -0.87 
-1463.0 0.0 296.0 -1167.0 91 -1167 1167 -1131.6 -17.43 -101.38 -0.87 
-1021.0 0.0 3536.0 2515.0 91 2515 -2515 -1103.89 27.71 -97.48 3.9 
-250.0 0.0 6168.0 5918.0 87 5918 -5918 -1103.89 27.71 -97.48 3.9 
-250.0 0.0 0.0 -250.0 87 -250 250 -1144.57 -40.68 -99.67 -2.19 
-750.0 0.0 -4000.0 -4750.0 82 -4750 4750 -1144.57 -40.68 -99.67 -2.19 
-750.0 0.0 0.0 -750.0 92 -750 750 -1216.98 -72.41 -104.98 -5.31 
59.5 0.0 6476.0 6535.5 84 6535 -6535 -1216.98 -72.41 -104.98 -5.31 
750.0 0.0 5524.0 6274.0 88 6274 -6274 -1186.72 30.26 -100.5 4.47 
750.0 0.0 0.0 750.0 85 750 -750 -1186.72 30.26 -100.5 4.47 
750.0 0.0 0.0 750.0 81 750 -750 -1218.79 -32.07 -102.55 -2.05 
750.0 0.0 0.0 750.0 81 750 -750 -1218.79 -32.07 -102.55 -2.05 
750.0 0.0 0.0 750.0 82 750 -750 -1308.98 -90.19 -109.19 -6.64 
750.0 0.0 0.0 750.0 82 750 -750 -1308.98 -90.19 -109.19 -6.64 
750.0 0.0 0.0 750.0 83 750 -750 -1299.4 9.58 -107.86 1.33 
750.0 0.0 0.0 750.0 79 750 -750 -1299.4 9.58 -107.86 1.33 
750.0 0.0 0.0 750.0 79 750 -750 -1321.9 -22.5 -109.51 -1.65 
750.0 0.0 0.0 750.0 82 750 -750 -1321.9 -22.5 -109.51 -1.65 
750.0 0.0 0.0 750.0 83 750 -750 -1336.61 -14.71 -109.87 -0.36 
750.0 0.0 0.0 750.0 82 750 -750 -1336.61 -14.71 -109.87 -0.36 
750.0 0.0 0.0 750.0 82 750 -750 -1310.87 25.74 -107.52 2.35 
750.0 0.0 0.0 750.0 79 750 -750 -1310.87 25.74 -107.52 2.35 
750.0 0.0 0.0 750.0 81 750 -750 -1350.92 -40.04 -109.87 -2.35 
750.0 0.0 0.0 750.0 82 750 -750 -1350.92 -40.04 -109.87 -2.35 
750.0 0.0 0.0 750.0 82 750 -750 -1342.04 8.87 -108.84 1.03 
750.0 0.0 0.0 750.0 79 750 -750 -1342.04 8.87 -108.84 1.03 
750.0 0.0 0.0 750.0 79 750 -750 -1366.84 -24.8 -110.19 -1.35 
750.0 0.0 0.0 750.0 82 750 -750 -1366.84 -24.8 -110.19 -1.35 
-1010.5 0.0 -14084.0 -15094.5 83 -15094 15094 -1375.29 -8.45 -110.19 0.0 
-1750.0 0.0 -5916.0 -7666.0 91 -7666 7666 -1375.29 -8.45 -110.19 0.0 
-1750.0 0.0 0.0 -1750.0 88 -1750 1750 -1284.87 90.42 -101.66 8.53 
-1750.0 0.0 0.0 -1750.0 83 -1750 1750 -1284.87 90.42 -101.66 8.53 
-1750.0 0.0 0.0 -1750.0 83 -1750 1750 -1327.92 -43.05 -103.44 -1.78 
-1750.0 0.0 0.0 -1750.0 85 -1750 1750 -1327.92 -43.05 -103.44 -1.78 
-1750.0 0.0 0.0 -1750.0 86 -1750 1750 -1372.5 -44.58 -105.29 -1.85 
-1750.0 0.0 0.0 -1750.0 85 -1750 1750 -1372.5 -44.58 -105.29 -1.85 
-1750.0 0.0 0.0 -1750.0 85 -1750 1750 -1372.3 0.21 -103.44 1.85 
-1750.0 0.0 0.0 -1750.0 82 -1750 1750 -1372.3 0.21 -103.44 1.85 
116.0 0.0 14928.0 15044.0 86 15044 -15044 -1431.18 -58.88 -106.23 -2.79 
750.0 0.0 5072.0 5822.0 92 5822 -5822 -1431.18 -58.88 -106.23 -2.79 
750.0 0.0 0.0 750.0 88 750 -750 -1365.37 65.8 -99.67 6.57 
750.0 0.0 0.0 750.0 79 750 -750 -1365.37 65.8 -99.67 6.57 
750.0 0.0 0.0 750.0 80 750 -750 -1468.15 -102.78 -105.92 -6.25 
750.0 0.0 0.0 750.0 83 750 -750 -1468.15 -102.78 -105.92 -6.25 
750.0 0.0 0.0 750.0 83 750 -750 -1514.46 -46.3 -108.84 -2.92 
750.0 0.0 0.0 750.0 82 750 -750 -1514.46 -46.3 -108.84 -2.92 
750.0 0.0 0.0 750.0 82 750 -750 -1505.3 9.16 -107.2 1.64 
750.0 0.0 0.0 750.0 79 750 -750 -1505.3 9.16 -107.2 1.64 
750.0 0.0 0.0 750.0 79 750 -750 -1551.15 -45.85 -109.87 -2.66 
750.0 0.0 0.0 750.0 82 750 -750 -1551.15 -45.85 -109.87 -2.66 
750.0 0.0 0.0 750.0 83 750 -750 -1559.6 -8.45 -110.19 -0.33 
750.0 0.0 0.0 750.0 81 750 -750 -1559.6 -8.45 -110.19 -0.33 
750.0 0.0 0.0 750.0 81 750 -750 -1539.68 19.91 -108.18 2.02 
750.0 0.0 0.0 750.0 80 750 -750 -1539.68 19.91 -108.18 2.02 
750.0 0.0 0.0 750.0 81 750 -750 -1576.18 -36.49 -109.87 -1.69 
750.0 0.0 0.0 750.0 81 750 -750 -1576.18 -36.49 -109.87 -1.69 
-1750.0 0.0 -20000.0 -21750.0 79 -21750 21750 -1573.88 2.3 -109.51 0.36 
-1750.0 0.0 0.0 -1750.0 90 -1750 1750 -1573.88 2.3 -109.51 0.36 
-1487.5 0.0 2100.0 612.5 85 612 -612 -1519.22 54.66 -104.67 4.85 
-6.0 0.0 11852.0 11846.0 85 11846 -11846 -1519.22 54.66 -104.67 4.85 
750.0 0.0 6048.0 6798.0 90 6798 -6798 -1525.67 -6.46 -104.36 0.31 
750.0 0.0 0.0 750.0 86 750 -750 -1525.67 -6.46 -104.36 0.31 
750.0 0.0 0.0 750.0 80 750 -750 -1482.88 42.79 -100.8 3.56 
750.0 0.0 0.0 750.0 80 750 -750 -1482.88 42.79 -100.8 3.56 
750.0 0.0 0.0 750.0 80 750 -750 -1639.34 -156.46 -110.88 -10.08 
750.0 0.0 0.0 750.0 84 750 -750 -1639.34 -156.46 -110.88 -10.08 
750.0 0.0 0.0 750.0 85 750 -750 -1607.97 31.37 -108.18 2.7 
750.0 0.0 0.0 750.0 80 750 -750 -1607.97 31.37 -108.18 2.7 
750.0 0.0 0.0 750.0 80 750 -750 -1606.79 1.18 -107.2 0.97 
750.0 0.0 0.0 750.0 79 750 -750 -1606.79 1.18 -107.2 0.97 
750.0 0.0 0.0 750.0 79 750 -750 -1676.31 -69.52 -111.25 -4.05 
750.0 0.0 0.0 750.0 82 750 -750 -1676.31 -69.52 -111.25 -4.05 
750.0 0.0 0.0 750.0 82 750 -750 -1664.27 12.05 -110.19 1.06 
750.0 0.0 0.0 750.0 80 750 -750 -1664.27 12.05 -110.19 1.06 
750.0 0.0 0.0 750.0 80 750 -750 -1663.04 1.23 -109.19 1.0 
-509.0 0.0 -10072.0 -10581.0 79 -10581 10581 -1663.04 1.23 -109.19 1.0 
-1750.0 0.0 -9928.0 -11678.0 90 -11678 11678 -1703.3 -40.26 -111.25 -2.06 
-1750.0 0.0 0.0 -1750.0 92 -1750 1750 -1703.3 -40.26 -111.25 -2.06 
-1750.0 0.0 0.0 -1750.0 86 -1750 1750 -1505.59 197.71 -97.48 13.77 
-1750.0 0.0 0.0 -1750.0 84 -1750 1750 -1505.59 197.71 -97.48 13.77 
-1250.0 0.0 4000.0 2750.0 87 2750 -2750 -1634.03 -128.44 -104.05 -6.57 
-250.0 0.0 8000.0 7750.0 92 7750 -7750 -1634.03 -128.44 -104.05 -6.57 
64.5 0.0 2516.0 2580.5 91 2580 -2580 -1571.17 62.86 -99.11 4.94 
-250.0 0.0 -2516.0 -2766.0 84 -2766 2766 -1571.17 62.86 -99.11 4.94 
-750.0 0.0 -4000.0 -4750.0 89 -4750 4750 -1614.26 -43.09 -101.38 -2.27 
-750.0 0.0 0.0 -750.0 90 -750 750 -1614.26 -43.09 -101.38 -2.27 
-250.0 0.0 4000.0 3750.0 85 3750 -3750 -1590.47 23.79 -98.82 2.56 
250.0 0.0 4000.0 4250.0 86 4250 -4250 -1590.47 23.79 -98.82 2.56 
557.5 0.0 2460.0 3017.5 86 3017 -3017 -1676.81 -86.34 -103.44 -4.62 
499.0 0.0 -468.0 31.0 88 31 -31 -1676.81 -86.34 -103.44 -4.62 
361.5 0.0 -1100.0 -738.5 82 -738 738 -1654.82 21.99 -101.96 1.48 
250.0 0.0 -892.0 -642.0 85 -642 642 -1654.82 21.99 -101.96 1.48 
750.0 0.0 4000.0 4750.0 85 4750 -4750 -1732.01 -77.2 -106.23 -4.27 
750.0 0.0 0.0 750.0 88 750 -750 -1732.01 -77.2 -106.23 -4.27 
750.0 0.0 0.0 750.0 82 750 -750 -1683.74 48.27 -102.25 3.99 
750.0 0.0 0.0 750.0 80 750 -750 -1683.74 48.27 -102.25 3.99 
750.0 0.0 0.0 750.0 81 750 -750 -1804.85 -121.11 -109.51 -7.27 
-750.0 0.0 -6668.0 -7418.0 92 -7418 7418 -1799.88 4.97 -108.84 0.67 
-750.0 0.0 0.0 -750.0 87 -750 750 -1799.88 4.97 -108.84 0.67 
-250.0 0.0 4000.0 3750.0 82 3750 -3750 -1650.99 148.9 -99.11 9.73 
250.0 0.0 4000.0 4250.0 87 4250 -4250 -1650.99 148.9 -99.11 9.73 
250.0 0.0 0.0 250.0 86 250 -250 -1760.13 -109.15 -104.98 -5.86 
2.0 0.0 -1984.0 -1982.0 84 -1982 1982 -1760.13 -109.15 -104.98 -5.86 
-250.0 0.0 -2016.0 -2266.0 89 -2266 2266 -1754.71 5.43 -104.05 0.93 
-250.0 0.0 0.0 -250.0 88 -250 250 -1754.71 5.43 -104.05 0.93 
108.5 0.0 2868.0 2976.5 82 2976 -2976 -1693.29 61.41 -100.23 3.82 
750.0 0.0 0.0 750.0 86 750 -750 -1794.29 -100.99 -105.29 -5.06 
557.5 0.0 -1540.0 -982.5 83 -982 982 -1794.29 -100.99 -105.29 -5.06 
-13.0 0.0 -4564.0 -4577.0 89 -4577 4577 -1789.55 4.73 -104.67 0.62 
-118.0 0.0 -840.0 -958.0 87 -958 958 -1789.55 4.73 -104.67 0.62 
